% Генерирует код, для задания HCoef
% for k = 1: 15
%     fprintf('HCoef(%2d, :, :) = [', k);
%     for j = 1: 3
%         for p = 1: 3
%             fprintf('%17.14f', HCoef(k, j, p));
%             if p ~= 3
%                 fprintf(' ');
%             end
%         end
%         if j ~= 3
%             fprintf('; ');
%         end
%     end
%     fprintf('];\n');
% end

global HCoef;
HCoef = zeros(15, 3, 3);
HCoef( 1, :, :) = [ 4.37590150635709 -0.00000000000000  0.00000000000001; -0.00000000000000  1.03302972829547  0.73827226532213;  0.00000000000001  0.73827226532213  1.23878442314101];
HCoef( 2, :, :) = [ 0.00000000000003  2.36152565508417  1.36353899937058;  2.36152565508417 -0.00000000000002 -0.00000000000000;  1.36353899937058 -0.00000000000000  0.00000000000001];
HCoef( 3, :, :) = [ 0.00000000000000 -0.26973871732121  0.22470611088039; -0.26973871732121  0.00000000000002  0.00000000000001;  0.22470611088039  0.00000000000001  0.00000000000001];
HCoef( 4, :, :) = [ 5.47812655073377 -0.00000000000000  0.00000000000001; -0.00000000000000  0.40855073545696  0.30394170794915;  0.00000000000001  0.30394170794915  0.13322315942902];
HCoef( 5, :, :) = [ 0.20111024145487 -0.00000000000000 -0.00000000000001; -0.00000000000000 -0.30945531910484  0.00737041559751; -0.00000000000001  0.00737041559751  0.12209519530395];
HCoef( 6, :, :) = [ 0.00000000000001  0.72416744450393  0.43456153386921;  0.72416744450393 -0.00000000000002 -0.00000000000001;  0.43456153386921 -0.00000000000001  0.00000000000000];
HCoef( 7, :, :) = [-0.00000000000000 -0.22296583603737  0.16043895312456; -0.22296583603737 -0.00000000000001 -0.00000000000001;  0.16043895312456 -0.00000000000001 -0.00000000000001];
HCoef( 8, :, :) = [ 1.21402310111009 -0.00000000000001 -0.00000000000000; -0.00000000000001  0.00121315670644 -0.00192516947588; -0.00000000000000 -0.00192516947588 -0.00929460682388];
HCoef( 9, :, :) = [ 0.05449221396288  0.00000000000000 -0.00000000000001;  0.00000000000000 -0.00336343434684  0.00554983947359; -0.00000000000001  0.00554983947359  0.00666864702324];
HCoef(10, :, :) = [-0.00000000000000  0.00990617784210  0.01014623863728;  0.00990617784210 -0.00000000000001 -0.00000000000001;  0.01014623863728 -0.00000000000001 -0.00000000000000];
HCoef(11, :, :) = [-0.00000000000000 -0.01962867196523  0.00311271515161; -0.01962867196523  0.00000000000001  0.00000000000000;  0.00311271515161  0.00000000000000 -0.00000000000000];
HCoef(12, :, :) = [ 0.02588863588151 -0.00000000000000 -0.00000000000000; -0.00000000000000  0.00273065168030  0.00240802867100; -0.00000000000000  0.00240802867100  0.00054136724444];
HCoef(13, :, :) = [-0.01671620033080  0.00000000000000  0.00000000000000;  0.00000000000000 -0.00115171660774  0.00109316989868;  0.00000000000000  0.00109316989868  0.00281620614570];
HCoef(14, :, :) = [-0.00000000000000  0.00249346750707  0.00022265365560;  0.00249346750707  0.00000000000000  0.00000000000000;  0.00022265365560  0.00000000000000  0.00000000000000];
HCoef(15, :, :) = [ 0.00000000000000  0.00029123874533  0.00316005545895;  0.00029123874533 -0.00000000000000 -0.00000000000000;  0.00316005545895 -0.00000000000000 -0.00000000000000];